% auto-generated przez solution.m
\begin{table}[htbp]\centering\small
\caption{Macierz testowa $A$ ($4\times 6$)}\label{tab:matrixA}
\resizebox{\linewidth}{!}{%
\begin{tabular}{rrrrrr}
\toprule
0.48063 & -0.27267 & 0.01397 & 0.35692 & -1.26570 & 0.52776 \\
-0.51606 & 2.49880 & 0.38784 & -0.03097 & -0.77507 & 0.05679 \\
0.40121 & -0.56413 & -0.91881 & -0.12190 & -0.81296 & -0.50244 \\
-1.68402 & -1.27201 & -0.71118 & -0.71257 & 0.41304 & 0.42344 \\
\bottomrule
\end{tabular}}
\end{table}

\begin{table}[htbp]\centering\small
\caption{$AA^{\mathsf T}$ ($4\times 4$)}\label{tab:matrixAAT}
\resizebox{\linewidth}{!}{%
\begin{tabular}{rrrr}
\toprule
2.31346 & 0.07595 & 1.05409 & -1.02611 \\
0.07595 & 7.26566 & -1.36771 & -2.85930 \\
1.05409 & -1.36771 & 2.25163 & 0.23371 \\
-1.02611 & -2.85930 & 0.23371 & 5.81738 \\
\bottomrule
\end{tabular}}
\end{table}

\begin{table}[htbp]\centering\small
\caption{$A^{\mathsf T}A$ ($6\times 6$)}\label{tab:matrixATA}
\resizebox{\linewidth}{!}{%
\begin{tabular}{rrrrrr}
\toprule
3.49422 & 0.49518 & 0.63558 & 1.33859 & -1.23008 & -0.69031 \\
0.49518 & 8.25462 & 2.38828 & 0.80046 & -1.65840 & -0.25717 \\
0.63558 & 2.38828 & 1.50060 & 0.61174 & 0.13492 & 0.18991 \\
1.33859 & 0.80046 & 0.61174 & 0.65096 & -0.62297 & -0.05387 \\
-1.23008 & -1.65840 & 0.13492 & -0.62297 & 3.03422 & -0.12864 \\
-0.69031 & -0.25717 & 0.18991 & -0.05387 & -0.12864 & 0.71351 \\
\bottomrule
\end{tabular}}
\end{table}

\begin{table}[htbp]\centering\small
\caption{$V^{\mathsf T}$ ze ścieżki $AA^{\mathsf T}$}\label{tab:matrixV1T}
\resizebox{\linewidth}{!}{%
\begin{tabular}{rrrrrr}
\toprule
-0.18531 & -0.89301 & -0.27915 & -0.14308 & 0.26238 & 0.03090 \\
0.79218 & -0.31873 & -0.05735 & 0.27254 & -0.42405 & -0.11607 \\
-0.37706 & 0.00554 & -0.41859 & -0.15088 & -0.79480 & 0.16762 \\
0.09103 & 0.20527 & -0.54531 & -0.25240 & 0.13406 & -0.75534 \\
\bottomrule
\end{tabular}}
\end{table}

\begin{table}[htbp]\centering\small
\caption{$V^{\mathsf T}$ ze ścieżki $A^{\mathsf T}A$}\label{tab:matrixV2T}
\resizebox{\linewidth}{!}{%
\begin{tabular}{rrrrrr}
\toprule
-0.18531 & -0.89301 & -0.27915 & -0.14308 & 0.26238 & 0.03090 \\
-0.79218 & 0.31873 & 0.05735 & -0.27254 & 0.42405 & 0.11607 \\
0.37706 & -0.00554 & 0.41859 & 0.15088 & 0.79480 & -0.16762 \\
0.09103 & 0.20527 & -0.54531 & -0.25240 & 0.13406 & -0.75534 \\
-0.15551 & 0.10953 & -0.47770 & 0.82798 & 0.19287 & 0.11346 \\
-0.40431 & -0.21629 & 0.46691 & 0.36501 & -0.25388 & -0.61161 \\
\bottomrule
\end{tabular}}
\end{table}

\begin{table}[htbp]\centering\small
\caption{$U$ ze ścieżki $A^{\mathsf T}A$ ($4\times 6$)}\label{tab:matrixU2}
\resizebox{\linewidth}{!}{%
\begin{tabular}{rrrrrr}
\toprule
-0.06935 & -0.49176 & -0.54520 & -0.67537 & -0.00000 & 0.00000 \\
-0.78270 & 0.43229 & -0.43277 & 0.11497 & -0.00000 & -0.00000 \\
0.15214 & -0.43526 & -0.51865 & 0.72000 & -0.00000 & -0.00000 \\
0.59952 & 0.61794 & -0.49645 & -0.11074 & 0.00000 & -0.00000 \\
\bottomrule
\end{tabular}}
\end{table}

