Rachunek Macierzowy, prog. 4: A ma rozmiar 6 x 4 (n wierszy, m kolumn)

--- 1) Macierz A ---
   0.480627  -0.564129   0.356916  -0.812956
  -0.516060  -1.272013  -0.030966   0.413041
   0.401205   0.013969  -0.121901   0.527764
  -1.684022   0.387838  -0.712565   0.056791
  -0.272673  -0.918810  -1.265697  -0.502443
   2.498803  -0.711181  -0.775067   0.423440

--- 2) AA^T (6 x 6) ---
   1.3375e+00   1.2271e-01  -2.8761e-01  -1.3287e+00   3.4399e-01   9.8132e-01
   1.2271e-01   2.0559e+00  -3.0520e-03   4.2124e-01   1.1411e+00  -1.8600e-01
  -2.8761e-01  -3.0520e-03   4.5456e-01  -5.5339e-01  -2.3311e-01   1.3106e+00
  -1.3287e+00   4.2124e-01  -5.5339e-01   3.4973e+00   9.7619e-01  -3.9075e+00
   3.4399e-01   1.1411e+00  -2.3311e-01   9.7619e-01   2.7730e+00   7.4033e-01
   9.8132e-01  -1.8600e-01   1.3106e+00  -3.9075e+00   7.4033e-01   7.5298e+00

--- 3-4) U (z AA^T), wartosci wlasne lambda, sigma = sqrt(lambda) ---
lambda (malejaco): 10.373 4.07143 1.87306 1.33064 4.10594e-17 -5.24209e-16 
sigma: 3.22071 2.01778 1.3686 1.15353 6.40776e-09 0 
U (kolumny = wektory wlasne):
   1.6151e-01  -4.8763e-02  -6.8765e-01  -3.5908e-01  -6.0777e-01   1.8924e-02
  -4.0670e-02  -4.9498e-01  -3.5939e-01   7.7504e-01  -1.7638e-02   1.5224e-01
   1.3348e-01   3.0686e-02   2.8240e-01   2.9594e-01  -4.8504e-01  -7.6069e-01
  -5.1464e-01  -3.0006e-01   4.4480e-01  -9.8078e-02  -5.4639e-01   3.7296e-01
   1.1889e-02  -7.8985e-01   2.4501e-02  -4.1610e-01   2.7354e-01  -3.5697e-01
   8.3033e-01  -1.9436e-01   3.4609e-01   5.4043e-03  -1.4725e-01   3.6233e-01
Sigma (diagonalna z sqrt(lambda)):
Diagonal Matrix

   3.2207        0        0        0        0        0
        0   2.0178        0        0        0        0
        0        0   1.3686        0        0        0
        0        0        0   1.1535        0        0
        0        0        0        0   0.0000        0
        0        0        0        0        0        0

--- 5-6) V z wlasnosci V = A^T U Sigma^+ (wymiary 4 x 6)
V jako macierz (kolumny V_i); wierszami (V.') do porownania z poleceniem:
   0.9595  -0.2604  -0.0774   0.0741
   0.2375   0.6964   0.6732   0.0738
   0.0565   0.5501  -0.6466   0.5254
  -0.1402  -0.3803   0.3503   0.8444
  -0.0000   0.0000  -0.0000  -0.0000
        0        0        0        0
||A - U Sigma V^T||_F (sciezka AA') = 2.592e-15

--- 7) A^T A (4 x 4) ---
   9.8126  -1.7888  -0.2530   0.7073
  -1.7888   3.4369   1.2741   0.1231
  -0.2530   1.2741   2.8537  -0.1000
   0.7073   0.1231  -0.1000   1.5450

--- 8-9) V (z A^T A), lambda, sigma ---
lambda (malejaco): 10.373 4.07143 1.87306 1.33064 
sigma: 3.22071 2.01778 1.3686 1.15353 
V (kolumny = wektory wlasne A^T A):
   0.959545  -0.237549   0.056523  -0.140172
  -0.260362  -0.696374   0.550110  -0.380334
  -0.077392  -0.673193  -0.646599   0.350332
   0.074126  -0.073796   0.525446   0.844373
Sigma (diagonalna):
Diagonal Matrix

   3.2207        0        0        0
        0   2.0178        0        0
        0        0   1.3686        0
        0        0        0   1.1535
V wierszami (V'):
   0.959545  -0.260362  -0.077392   0.074126
  -0.237549  -0.696374  -0.673193  -0.073796
   0.056523   0.550110  -0.646599   0.525446
  -0.140172  -0.380334   0.350332   0.844373

--- 10-11) U z U = A V Sigma^+ (wymiary 6 x 4)
   1.6151e-01   4.8763e-02  -6.8765e-01  -3.5908e-01
  -4.0670e-02   4.9498e-01  -3.5939e-01   7.7504e-01
   1.3348e-01  -3.0686e-02   2.8240e-01   2.9594e-01
  -5.1464e-01   3.0006e-01   4.4480e-01  -9.8078e-02
   1.1889e-02   7.8985e-01   2.4501e-02  -4.1610e-01
   8.3033e-01   1.9436e-01   3.4609e-01   5.4043e-03
||A - U Sigma V^T||_F (sciezka A'A) = 2.941e-15

--- 12) Porownanie z bibliotecznym svd ---
||A - U_svd S_svd V_svd'||_F = 2.271e-15
sigma z AA' (pierwsze 4, malejaco): 3.22071 2.01778 1.3686 1.15353 
sigma z A'A (pierwsze 4): 3.22071 2.01778 1.3686 1.15353 
svd(A): 3.22071 2.01778 1.3686 1.15353 
max |sigma - svd|, sciezka AA': 8.882e-16
max |sigma - svd|, sciezka A'A: 8.882e-16

--- 13) Wymiary obrazu i jadra (A: R^4 -> R^6) ---
rank(A) (prog numeryczny) = 4
dim R(A) = 4
dim N(A) = 0
