Rachunek Macierzowy, prog. 4: A ma rozmiar 4 x 6 (n wierszy, m kolumn)

--- 1) Macierz A ---
   0.480627  -0.272673   0.013969   0.356916  -1.265697   0.527764
  -0.516060   2.498803   0.387838  -0.030966  -0.775067   0.056791
   0.401205  -0.564129  -0.918810  -0.121901  -0.812956  -0.502443
  -1.684022  -1.272013  -0.711181  -0.712565   0.413041   0.423440

--- 2) AA^T (4 x 4) ---
   2.313461   0.075950   1.054094  -1.026113
   0.075950   7.265663  -1.367708  -2.859298
   1.054094  -1.367708   2.251627   0.233706
  -1.026113  -2.859298   0.233706   5.817381

--- 3-4) U (z AA^T), wartosci wlasne lambda, sigma = sqrt(lambda) ---
lambda (malejaco): 9.72835 4.4691 2.44215 1.00853 
sigma: 3.11903 2.11402 1.56274 1.00425 
U (kolumny = wektory wlasne):
  -0.069354   0.491758   0.545202  -0.675366
  -0.782702  -0.432285   0.432769   0.114974
   0.152140   0.435262   0.518654   0.719999
   0.599518  -0.617940   0.496452  -0.110738
Sigma (diagonalna z sqrt(lambda)):
Diagonal Matrix

   3.1190        0        0        0
        0   2.1140        0        0
        0        0   1.5627        0
        0        0        0   1.0043

--- 5-6) V z wlasnosci V = A^T U Sigma^+ (wymiary 6 x 4)
V jako macierz (kolumny V_i); wierszami (V.') do porownania z poleceniem:
  -1.8531e-01  -8.9301e-01  -2.7915e-01  -1.4308e-01   2.6238e-01   3.0896e-02
   7.9218e-01  -3.1873e-01  -5.7352e-02   2.7254e-01  -4.2405e-01  -1.1607e-01
  -3.7706e-01   5.5413e-03  -4.1859e-01  -1.5088e-01  -7.9480e-01   1.6762e-01
   9.1033e-02   2.0527e-01  -5.4531e-01  -2.5240e-01   1.3406e-01  -7.5534e-01
||A - U Sigma V^T||_F (sciezka AA') = 2.532e-15

--- 7) A^T A (6 x 6) ---
   3.494217   0.495181   0.635579   1.338592  -1.230080  -0.690315
   0.495181   8.254625   2.388280   0.800461  -1.658399  -0.257175
   0.635579   2.388280   1.500604   0.611743   0.134924   0.189906
   1.338592   0.800461   0.611743   0.650958  -0.622966  -0.053871
  -1.230080  -1.658399   0.134924  -0.622966   3.034219  -0.128644
  -0.690315  -0.257175   0.189906  -0.053871  -0.128644   0.713510

--- 8-9) V (z A^T A), lambda, sigma ---
lambda (malejaco): 9.72835 4.4691 2.44215 1.00853 1.29697e-15 -5.04003e-16 
sigma: 3.11903 2.11402 1.56274 1.00425 3.60135e-08 0 
V (kolumny = wektory wlasne A^T A):
  -1.8531e-01  -7.9218e-01   3.7706e-01   9.1033e-02  -1.5551e-01  -4.0431e-01
  -8.9301e-01   3.1873e-01  -5.5413e-03   2.0527e-01   1.0953e-01  -2.1629e-01
  -2.7915e-01   5.7352e-02   4.1859e-01  -5.4531e-01  -4.7770e-01   4.6691e-01
  -1.4308e-01  -2.7254e-01   1.5088e-01  -2.5240e-01   8.2798e-01   3.6501e-01
   2.6238e-01   4.2405e-01   7.9480e-01   1.3406e-01   1.9287e-01  -2.5388e-01
   3.0896e-02   1.1607e-01  -1.6762e-01  -7.5534e-01   1.1346e-01  -6.1161e-01
Sigma (diagonalna):
Diagonal Matrix

   3.1190        0        0        0        0        0
        0   2.1140        0        0        0        0
        0        0   1.5627        0        0        0
        0        0        0   1.0043        0        0
        0        0        0        0   0.0000        0
        0        0        0        0        0        0
V wierszami (V'):
  -1.8531e-01  -8.9301e-01  -2.7915e-01  -1.4308e-01   2.6238e-01   3.0896e-02
  -7.9218e-01   3.1873e-01   5.7352e-02  -2.7254e-01   4.2405e-01   1.1607e-01
   3.7706e-01  -5.5413e-03   4.1859e-01   1.5088e-01   7.9480e-01  -1.6762e-01
   9.1033e-02   2.0527e-01  -5.4531e-01  -2.5240e-01   1.3406e-01  -7.5534e-01
  -1.5551e-01   1.0953e-01  -4.7770e-01   8.2798e-01   1.9287e-01   1.1346e-01
  -4.0431e-01  -2.1629e-01   4.6691e-01   3.6501e-01  -2.5388e-01  -6.1161e-01

--- 10-11) U z U = A V Sigma^+ (wymiary 4 x 6)
  -0.0694  -0.4918  -0.5452  -0.6754  -0.0000        0
  -0.7827   0.4323  -0.4328   0.1150  -0.0000        0
   0.1521  -0.4353  -0.5187   0.7200  -0.0000        0
   0.5995   0.6179  -0.4965  -0.1107   0.0000        0
||A - U Sigma V^T||_F (sciezka A'A) = 2.830e-15

--- 12) Porownanie z bibliotecznym svd ---
||A - U_svd S_svd V_svd'||_F = 3.175e-15
sigma z AA' (pierwsze 4, malejaco): 3.11903 2.11402 1.56274 1.00425 
sigma z A'A (pierwsze 4): 3.11903 2.11402 1.56274 1.00425 
svd(A): 3.11903 2.11402 1.56274 1.00425 
max |sigma - svd|, sciezka AA': 1.110e-15
max |sigma - svd|, sciezka A'A: 4.441e-16

--- 13) Wymiary obrazu i jadra (A: R^6 -> R^4) ---
rank(A) (prog numeryczny) = 4
dim R(A) = 4
dim N(A) = 2
