1.33753121463331e+00 1.22711113558486e-01 -2.87607853041726e-01 -1.32867188679540e+00 3.43990048840903e-01 9.81317226463970e-01
1.22711113558486e-01 2.05589843137429e+00 -3.05199099676267e-03 4.21244420839285e-01 1.14111850758528e+00 -1.86002171589979e-01
-2.87607853041726e-01 -3.05199099676267e-03 4.54555431416200e-01 -5.53385937253358e-01 -2.33113671831320e-01 1.31055616328028e+00
-1.32867188679540e+00 4.21244420839285e-01 -5.53385937253358e-01 3.49732366583218e+00 9.76194919997180e-01 -3.90752852024104e+00
3.43990048840903e-01 1.14111850758528e+00 -2.33113671831320e-01 9.76194919997180e-01 2.77300080018782e+00 7.40330652442763e-01
9.81317226463970e-01 -1.86002171589979e-01 1.31055616328028e+00 -3.90752852024104e+00 7.40330652442763e-01 7.52982170254616e+00
