3.49421679127207e+00 4.95180916087734e-01 6.35578823928687e-01 1.33859233133910e+00 -1.23008012359453e+00 -6.90314950338295e-01
4.95180916087734e-01 8.25462478621678e+00 2.38828048271995e+00 8.00461340472922e-01 -1.65839937783142e+00 -2.57174816534827e-01
6.35578823928687e-01 2.38828048271995e+00 1.50060365247015e+00 6.11742933016621e-01 1.34924470185389e-01 1.89905692460160e-01
1.33859233133910e+00 8.00461340472922e-01 6.11742933016621e-01 6.50957548577804e-01 -6.22965954609614e-01 -5.38710039676888e-02
-1.23008012359453e+00 -1.65839937783142e+00 1.34924470185389e-01 -6.22965954609614e-01 3.03421866443034e+00 -1.28644021936174e-01
-6.90314950338295e-01 -2.57174816534827e-01 1.89905692460160e-01 -5.38710039676888e-02 -1.28644021936174e-01 7.13509803022818e-01
